csvMap,
11,12,13,14,15,16,17,18,19,20,21,22,23,24,25,26,11,12,13,14,15,16,17,18,19,20,21,22,23,24,25,26,27,11,12,13,14,15,16,17,18,19,20,21,22,23,24,25,26,27,11,12,13,14,15,16,17,18,19,20,21,22,23,24,25,26,27,13,14,15
-1,-1,-1,-1,-1,-1,-1,70,71,72,73,74,75,-1,-1,78,-1,-1,-1,66,-1,-1,-1,70,71,72,73,74,75,-1,77,78,79,63,64,65,66,67,68,69,70,71,72,73,74,75,-1,-1,78,79,-1,-1,-1,-1,-1,-1,-1,70,71,72,73,74,75,-1,-1,78,79,-1,-1,-1
-1,-1,-1,-1,-1,-1,-1,-1,-1,-1,-1,-1,-1,-1,-1,-1,-1,-1,-1,-1,-1,-1,-1,-1,-1,-1,-1,-1,-1,-1,-1,-1,-1,-1,-1,-1,-1,-1,-1,-1,-1,-1,-1,-1,-1,-1,-1,-1,-1,-1,-1,-1,-1,-1,-1,-1,-1,-1,-1,-1,-1,-1,-1,-1,-1,-1,-1,-1,-1,-1
-1,-1,-1,-1,-1,-1,-1,-1,-1,-1,-1,-1,-1,-1,-1,-1,-1,-1,-1,-1,-1,-1,-1,-1,-1,-1,-1,-1,-1,-1,-1,-1,-1,-1,-1,-1,-1,-1,-1,-1,-1,-1,-1,-1,-1,-1,-1,-1,-1,-1,-1,-1,-1,-1,-1,-1,-1,-1,-1,-1,-1,-1,-1,-1,-1,-1,-1,-1,-1,-1
-1,-1,-1,-1,-1,-1,-1,-1,-1,-1,-1,-1,-1,-1,-1,-1,-1,-1,-1,-1,-1,-1,-1,-1,-1,-1,-1,-1,-1,-1,-1,-1,-1,-1,-1,-1,-1,-1,-1,-1,-1,-1,-1,-1,-1,-1,-1,-1,-1,-1,-1,-1,-1,-1,-1,-1,-1,-1,-1,-1,-1,-1,-1,-1,-1,-1,-1,-1,-1,-1
-1,-1,-1,-1,-1,-1,-1,-1,-1,-1,-1,-1,-1,-1,-1,-1,-1,-1,-1,-1,-1,-1,-1,-1,-1,-1,-1,-1,-1,-1,-1,-1,-1,-1,-1,-1,-1,-1,-1,-1,-1,-1,-1,-1,-1,-1,-1,-1,-1,-1,-1,-1,-1,-1,-1,-1,-1,-1,-1,-1,-1,-1,-1,-1,-1,-1,-1,-1,-1,-1
-1,-1,-1,-1,-1,-1,-1,-1,-1,-1,-1,-1,-1,-1,-1,-1,-1,-1,-1,-1,-1,-1,-1,-1,-1,-1,-1,-1,-1,-1,-1,-1,-1,-1,-1,-1,-1,-1,-1,-1,-1,-1,-1,-1,-1,-1,-1,-1,-1,-1,-1,-1,-1,-1,-1,-1,-1,-1,-1,-1,-1,-1,-1,-1,-1,-1,-1,-1,-1,-1
-1,-1,-1,-1,-1,-1,-1,-1,-1,-1,-1,-1,-1,-1,-1,-1,-1,-1,-1,-1,-1,-1,-1,-1,-1,-1,-1,-1,-1,-1,-1,-1,-1,-1,-1,-1,-1,-1,-1,-1,-1,-1,-1,-1,-1,-1,-1,-1,-1,-1,-1,-1,-1,-1,-1,-1,-1,-1,-1,-1,-1,-1,-1,-1,-1,-1,-1,-1,-1,-1
-1,366,367,368,386,387,-1,-1,-1,-1,386,387,-1,-1,-1,-1,-1,-1,-1,384,-1,386,387,-1,-1,390,391,-1,366,367,368,369,386,387,372,373,374,375,376,-1,-1,-1,-1,-1,-1,-1,-1,-1,386,387,-1,-1,390,365,366,367,368,-1,-1,-1,-1,-1,-1,-1,-1,-1,-1,-1,-1,-1
417,418,419,420,438,439,423,424,425,426,438,439,429,430,431,432,433,434,434,434,434,438,439,440,441,442,443,417,418,419,420,421,438,439,424,425,426,427,428,429,430,431,432,433,434,435,436,437,438,439,440,441,442,417,418,419,420,421,422,423,424,425,426,427,428,429,430,431,432,433,
